%YAML:1.0
---
image_width: 640
image_height: 480
camera_matrix: !!opencv-matrix
   rows: 3
   cols: 3
   dt: f
   data: [ 8.07057983e+02, 0., 3.18568420e+02, 0., 8.86744873e+02,
       1.97954208e+02, 0., 0., 1. ]
distortion_coefficients: !!opencv-matrix
   rows: 1
   cols: 5
   dt: f
   data: [ 6.29345131e+00, -2.09770981e+02, -2.94109415e-02,
       -2.46788055e-01, 1.64153149e+03 ]
